test2 <- 3+3